  0.0000000E+00  0.0000000E+00  0.0000000E+00  0.0000000E+00  0.0000000E+00
  0.0000000E+00  0.0000000E+00  0.0000000E+00  0.0000000E+00  0.0000000E+00
  0.0000000E+00  0.0000000E+00  0.0000000E+00  0.0000000E+00  0.0000000E+00
  0.0000000E+00  0.0000000E+00  0.0000000E+00  0.0000000E+00  0.0000000E+00
  0.0000000E+00  0.0000000E+00  0.0000000E+00  0.0000000E+00  0.0000000E+00
  0.0000000E+00  0.0000000E+00  0.0000000E+00  0.0000000E+00  0.0000000E+00
  0.0000000E+00  0.0000000E+00  0.0000000E+00  0.0000000E+00  0.0000000E+00
  0.0000000E+00  0.0000000E+00  0.0000000E+00  0.0000000E+00  0.0000000E+00
  0.0000000E+00  0.0000000E+00  0.0000000E+00  0.0000000E+00  0.0000000E+00
  0.0000000E+00  0.0000000E+00  0.0000000E+00  0.0000000E+00  0.0000000E+00
  0.0000000E+00  0.0000000E+00  0.0000000E+00  0.0000000E+00  0.0000000E+00
  0.0000000E+00  0.0000000E+00  0.0000000E+00  0.0000000E+00  0.0000000E+00
  0.0000000E+00  0.0000000E+00  0.0000000E+00  0.0000000E+00  0.0000000E+00
  0.0000000E+00  0.0000000E+00  0.1411562      0.1411562      0.1411562    
  0.1411562      0.1411562      0.1411562      0.1411562      0.1411566    
  0.1411567      0.1431058      0.1946712      0.1946712      0.2580647    
  0.2666352      0.2681611      0.2683569      0.2686375      0.2687204    
  0.2687406      0.2687406      0.2692282      0.2751419      0.3076828    
  0.3576642      0.3769871      0.3838067      0.3847053      0.3847053    
  0.3853393      0.3858091      0.3860864      0.3862752      0.3867930    
  0.3879933      0.3912766      0.3951443      0.4139322      0.4139322    
  0.4454774      0.4712202      0.4789331      0.4820559      0.4842579    
  0.4849817      0.4854704      0.4854704      0.4856878      0.4860535    
  0.4874740      0.4919410      0.5022268      0.5185850      0.5307518    
  0.5335013      0.5475870      0.5475870      0.5558828      0.5620148    
  0.5655577      0.5672267      0.5684282      0.5690821      0.5695543    
  0.5717350      0.5717350      0.5753584      0.5765846      0.5795184    
  0.5861447      0.5960874      0.6088405      0.6200007      0.6246781    
  0.6259490      0.6295519      0.6295519      0.6347595      0.6377655    
  0.6392366      0.6406001      0.6420202      0.6442628      0.6463652    
  0.6500458      0.6500458      0.6516828      0.6538023      0.6571820    
  0.6625906      0.6701859      0.6780287      0.6849450      0.6896969    
  0.6919951      0.6936114      0.6936114      0.6948100      0.6973876    
  0.7001551      0.7024954      0.7051441      0.7081636      0.7105563    
  0.7118198      0.7118198      0.7129371      0.7141232      0.7156080    
  0.7171686      0.7194387      0.7222285      0.7261490      0.7314351    
  0.7371880      0.7413228      0.7420318      0.7438894      0.7438894    
  0.7452108      0.7476540      0.7507257      0.7534148      0.7562754    
  0.7593381      0.7609328      0.7618378      0.7618378      0.7631376    
  0.7641277      0.7649527      0.7658269      0.7667874      0.7680516    
  0.7696546      0.7712339      0.7721657      0.7742738      0.7766449    
  0.7777238      0.7804010      0.7804010      0.7828174      0.7863708    
  0.7902148      0.7931507      0.7960516      0.7988810      0.8010926    
  0.8020118      0.8031990      0.8049828      0.8049828      0.8063402    
  0.8073142      0.8083133      0.8091943      0.8098556      0.8102569    
  0.8104155      0.8109188      0.8116779      0.8125958      0.8136401    
  0.8136401      0.8148201      0.8166515      0.8187456      0.8209780    
  0.8239399      0.8264445      0.8289506      0.8310853      0.8325515    
  0.8334800      0.8342290      0.8342290      0.8360394      0.8381156    
  0.8399302      0.8416248      0.8429759      0.8440087      0.8448976    
  0.8453143      0.8458759      0.8462757      0.8462757      0.8468606    
  0.8473361      0.8478404      0.8484716      0.8493880      0.8505512    
  0.8517582      0.8532313      0.8546526      0.8557194      0.8565089    
  0.8572179      0.8576915      0.8587812      0.8587812      0.8599794    
  0.8612998      0.8627043      0.8642985      0.8662014      0.8680899    
  0.8691742      0.8698145      0.8701793      0.8709317      0.8719735    
  0.8730308      0.8730308      0.8740443      0.8749864      0.8759181    
  0.8766842      0.8771540      0.8775216      0.8777854      0.8781115    
  0.8784264      0.8791132      0.8791132      0.8799747      0.8810048    
  0.8821809      0.8833764      0.8844334      0.8852800      0.8860959    
