   339.4834       249.0559       332.4775       236.4458       323.2195    
   236.4774       335.1399       257.7535       341.4580       257.1404    
   309.5620       237.5807       321.4570       232.2750      -9.000000    
  -9.000000      -9.000000      -9.000000       369.8517       285.4770    
   353.8550       265.4295       367.8008       261.3471       363.7687    
   246.5470       377.9164       266.1455       335.7186       215.0431    
   267.6967       212.0088      -9.000000      -9.000000      -9.000000    
  -9.000000       400.2410       307.3474       366.8147       299.6015    
   347.5925       290.1946       311.4392       279.6452       373.6560    
   260.5777       332.2423       226.2862       295.7311       111.9245    
  -9.000000      -9.000000      -9.000000      -9.000000       337.9966    
   278.3875       291.8437       250.4872       322.4536       270.8099    
   280.5468       234.7027       220.9217       185.7600       152.4734    
  -9.000000      -9.000000      -9.000000      -9.000000      -9.000000    
  -9.000000      -9.000000    
