   3.851339       45.71732       108.4717       164.4474       305.9713    
   1.640549       45.48716       100.4490       153.9276       292.7408    
   2.227479       43.59488       92.25393       162.2877       281.0778    
   1.749447       34.45161       101.9141       143.4329       287.1314    
   1.245571       37.40461       94.66330       134.5215       295.8282    
  0.6909415       24.06145       87.47236       129.4061       246.0824    
  0.6364219       36.06396       98.64552       115.1572       247.2501    
  -9.000000      -9.000000      -9.000000      -9.000000      -9.000000    
  -9.000000      -9.000000      -9.000000      -9.000000      -9.000000    
   10.93778       68.50645       124.7937       177.9863       382.0518    
   3.736716       67.36689       115.2001       155.7006       358.7238    
   13.12064       48.29527       101.8945       163.2720       396.4109    
   6.646550       42.53805       109.0037       147.5535       358.3435    
   12.45570       38.61275       100.3016       132.0305       398.5822    
   12.12949       32.65626       90.77728       99.03515       345.9230    
  0.5023499       20.88965       75.47176       46.06288       272.9222    
  -9.000000      -9.000000      -9.000000      -9.000000      -9.000000    
  -9.000000      -9.000000      -9.000000      -9.000000      -9.000000    
   18.79450       83.18874       124.7832       178.1987       399.8282    
   9.701182       65.91203       104.2635       184.2476       383.1083    
   3.210380       55.83254       97.70702       167.4979       369.6122    
   1.063448       31.03950       76.55894       152.7416       330.3346    
   1.282927       6.338699       86.36792       148.9705       311.8476    
  -9.000000       2.332591       30.32372       150.6198       259.2673    
  -9.000000      -9.000000      -9.000000      -9.000000      -9.000000    
  -9.000000      -9.000000      -9.000000      -9.000000      -9.000000    
  -9.000000      -9.000000      -9.000000      -9.000000      -9.000000    
   7.702677       62.23763       128.6347       184.8638       332.7549    
   7.291139       58.58435       88.15232       176.4454       296.0199    
   1.395813       53.45959       106.0820       151.8647       327.4099    
   1.196381       53.17240       73.11224       122.8283       235.2886    
  0.2491146       53.55956       79.32545      -9.000000      -9.000000    
  -9.000000      -9.000000      -9.000000      -9.000000      -9.000000    
  -9.000000      -9.000000      -9.000000      -9.000000      -9.000000    
  -9.000000      -9.000000      -9.000000      -9.000000      -9.000000    
  -9.000000      -9.000000      -9.000000      -9.000000      -9.000000    
  0.2999761      0.4832059      0.6296534      0.7888201      0.9237329    
  0.2805989      0.4710754      0.6237047      0.7383898      0.9071521    
   339.4836       249.0560       332.4776       236.4457       323.2196    
   236.4774       335.1398       257.7536       341.4580       257.1404    
   309.5621       237.5811       321.4570       232.2751      -9.000000    
  -9.000000      -9.000000      -9.000000       369.8516       285.4770    
   353.8554       265.4294       367.8009       261.3472       363.7691    
   246.5471       377.9168       266.1456       335.7190       215.0431    
   267.6968       212.0089      -9.000000      -9.000000      -9.000000    
  -9.000000       400.2406       307.3475       366.8143       299.6015    
   347.5925       290.1945       311.4394       279.6455       373.6558    
   260.5779       332.2422       226.2863       295.7315       109.3210    
  -9.000000      -9.000000      -9.000000      -9.000000       337.9966    
   278.3876       291.8434       250.4868       322.4536       270.8098    
   280.5468       234.7024       220.9220       185.7600       152.4737    
  -9.000000      -9.000000      -9.000000      -9.000000      -9.000000    
  -9.000000      -9.000000      -9.000000      -9.000000      -9.000000    
  -9.000000      -9.000000      0.5368930      0.4072517      0.3772442    
  0.3791451      0.5629601       1.063362      0.9931752       1.465201    
   1.703894       1.675155       2.967572       4.245431       4.145410    
   5.737618       5.904389      -9.000000      -9.000000      0.5152326    
  0.4678459       1.789512      0.7342688       6.765578       2.435018    
  0.1521741      0.2223284      0.2215898      0.2642079      0.2616681    
  0.2759931      0.4656626      0.4207293    
