   2.890069       10.67284       7.617332       16.52503       20.35444    
   1706.344       4.560098       8.303905       8.723069      0.6132933    
  4.4066191E-02
   2.983716       10.64452       7.646657       16.52151       20.37454    
   1702.999       4.560610       7.721772       9.196951      0.5875529    
  5.7958543E-02
   2.883716       11.64452       7.646657       16.52151       20.37454    
   1702.999       4.560610       7.721772       9.196951      0.5875529    
  5.7958543E-02
   2.883716       10.64452       7.746657       16.52151       20.37454    
   1702.999       4.560610       7.721772       9.196951      0.5875529    
  9.7958543E-02
   2.883716       10.64452       7.646657       16.62151       20.37454    
   1702.999       4.560610       7.721772       9.196951      0.5875529    
  5.7958543E-02
   2.883716       10.64452       7.646657       16.52151       21.37454    
   1702.999       4.560610       7.721772       9.196951      0.5875529    
  7.7958543E-02
   2.883716       10.64452       7.646657       16.52151       20.37454    
   1802.999       4.560610       7.721772       9.196951      0.5875529    
  5.7958543E-02 
   2.883716       10.64452       7.646657       16.52151       20.37454    
   1702.999       5.560610       7.721772       9.196951      0.5875529    
  6.7958543E-02
   2.883716       10.64452       7.646657       16.52151       20.37454    
   1702.999       4.560610       9.721772       9.196951      0.5875529    
  5.7958543E-02
   2.883716       10.64452       7.646657       16.52151       20.37454    
   1702.999       4.560610       7.721772       10.196951      0.5875529    
  5.7958543E-02
   2.883716       10.64452       7.646657       16.52151       20.37454    
   1702.999       4.560610       7.721772       9.196951      0.775529    
  5.7958543E-02
   2.883716       10.64452       7.646657       16.52151       20.37454    
   1702.999       4.560610       7.721772       9.196951      0.5875529    
  6.7958543E-02 
		