      4.71      4.96      5.03      4.96      4.43
      4.79      5.04      5.22      5.16      4.80
      5.02      5.38      5.52      5.48      4.96
      5.16      5.62      5.69      5.77      5.15
      5.60      5.97      6.03      6.03      5.45
      5.42      6.31      6.34      6.43      5.81
      5.93      6.44      6.68      6.75      6.23
      6.48      6.80      7.15      7.32      6.63
      6.74      7.51      7.71      7.89      7.21
      7.58      7.89      8.58      8.60      8.07
      7.81      8.84      9.50      9.64      9.06
      8.51      9.83     10.68     11.09     10.75
      9.56     11.11     12.21     12.90     13.48
     10.85     12.90     14.61     15.91     16.93
     12.03     14.85     18.02     20.10     22.74
     14.72     18.19     22.48     25.97     30.40
     15.83     21.46     24.97     29.70     36.68
     18.56     24.88     27.32     36.49     45.71
     21.36     28.96     28.24     47.37     60.84
     30.65     38.20     50.58     90.44     62.56
