     0.102    -9.000    -9.000    -9.000    -9.000
     0.102    -9.000    -9.000    -9.000    -9.000
     0.109    -9.000    -9.000    -9.000    -9.000
     0.115    -9.000    -9.000    -9.000    -9.000
     0.123    -9.000    -9.000    -9.000    -9.000
     0.132    -9.000    -9.000    -9.000    -9.000
     0.142    -9.000    -9.000    -9.000    -9.000
     0.153    -9.000    -9.000    -9.000    -9.000
     0.165    -9.000    -9.000    -9.000    -9.000
     0.180    -9.000    -9.000    -9.000    -9.000
     0.196    -9.000    -9.000    -9.000    -9.000
     0.215    -9.000    -9.000    -9.000    -9.000
     0.239    -9.000    -9.000    -9.000    -9.000
     0.271    -9.000    -9.000    -9.000    -9.000
     0.315    -9.000    -9.000    -9.000    -9.000
     0.355    -9.000    -9.000    -9.000    -9.000
     0.390    -9.000    -9.000    -9.000    -9.000
     0.403    -9.000    -9.000    -9.000    -9.000
     0.449    -9.000    -9.000    -9.000    -9.000
     0.423    -9.000    -9.000    -9.000    -9.000
