   3.851328       45.71750       108.4722       164.4480       305.9709    
  0.0000000E+00   37.09020       101.1944       158.7335       286.1321    
  0.0000000E+00   32.08823       96.06427       161.5311       287.4630    
  0.0000000E+00   30.28463       94.43694       155.1664       277.1305    
  0.0000000E+00   25.83574       81.44286       142.2605       272.2644    
  0.0000000E+00   12.10423       70.58919       128.1843       278.5089    
  0.0000000E+00   14.75753       81.32262       121.8517       272.6894    
  -9.000000      -9.000000      -9.000000      -9.000000      -9.000000    
  -9.000000      -9.000000      -9.000000      -9.000000      -9.000000    
   10.93776       68.50644       124.7933       177.9856       382.0530    
   2.044088       59.20644       107.7356       166.0362       380.6575    
  8.0160322E-03   46.87785       93.09010       160.9219       385.3951    
  0.0000000E+00   33.73951       79.36671       152.5291       377.4832    
  0.0000000E+00   24.94593       71.36671       126.6132       377.2424    
  0.0000000E+00   13.38679       73.80359       103.1104       362.0682    
  0.0000000E+00   14.05212       64.56114       75.19836       361.3626    
  -9.000000      -9.000000      -9.000000      -9.000000      -9.000000    
  -9.000000      -9.000000      -9.000000      -9.000000      -9.000000    
   18.79447       83.18894       124.7834       178.1989       399.8282    
   2.244487       66.75749       108.7856       171.4869       395.1901    
  0.0000000E+00   41.59519       86.79751       152.7215       371.2222    
  0.0000000E+00   21.90781       80.94585       133.0821       325.7473    
  0.0000000E+00   7.887774       50.94194       118.1804       293.3949    
  0.0000000E+00   2.276551       35.33471       124.8898       271.7675    
  0.0000000E+00  6.4128257E-02   28.41687       131.9759       281.0421    
  -9.000000      -9.000000      -9.000000      -9.000000      -9.000000    
  -9.000000      -9.000000      -9.000000      -9.000000      -9.000000    
   7.702657       62.23758       128.6344       184.8635       332.7558    
  0.0000000E+00   53.45902       109.6433       187.4550       281.0261    
  0.0000000E+00   36.74549       99.83176       161.7394       284.0881    
  0.0000000E+00   22.14828       91.30264       109.7956       240.3205    
  0.0000000E+00   5.066127       58.84572       76.32062       202.1082    
  0.0000000E+00   3.767535       49.39482       97.49902       107.5511    
  0.0000000E+00   4.801603       26.50903       33.54709       34.30864    
  -9.000000      -9.000000      -9.000000      -9.000000      -9.000000    
  -9.000000      -9.000000      -9.000000      -9.000000      -9.000000    
  0.1962120      0.4170370      0.6061413      0.7997645      0.9374816    
  0.1747780      0.4165198      0.5973017      0.7407343      0.9215496    
   339.8417       248.4382       315.1582       234.7976       303.5591    
   231.6392       301.9560       222.1402       291.0542       212.3607    
   271.6232       193.4348       270.2524       182.5891      0.0000000E+00
  0.0000000E+00  0.0000000E+00  0.0000000E+00   370.3668       284.5323    
   364.0644       263.4147       357.9640       252.2645       354.0842    
   251.7514       325.8677       227.8156       300.7375       208.1924    
   315.4791       215.1664      0.0000000E+00  0.0000000E+00  0.0000000E+00
  0.0000000E+00   400.4339       306.3705       371.9438       277.5711    
   356.6653       254.5732       304.9378       200.5050       288.4489    
   150.3407       272.1683       102.2445       243.7434       79.87174    
  0.0000000E+00  0.0000000E+00  0.0000000E+00  0.0000000E+00   338.2283    
   278.4151       314.0598       255.0058       287.9039       236.9939    
   246.4449       144.3286       173.8036       89.70746       153.4269    
   71.39880       85.46693       18.89378      0.0000000E+00  0.0000000E+00
  0.0000000E+00  0.0000000E+00  -9.000000      -9.000000      -9.000000    
  -9.000000      -9.000000      0.1945777      0.2583826      0.2538352    
  0.3916702      0.6562304      0.6976745      0.9249436       1.393181    
   1.571211       2.096268       2.443473       2.631999       2.928829    
   4.234535       5.694785      -9.000000      -9.000000      0.4678699    
  0.1158026       1.691476      0.6375545       4.563131       2.044510    
  0.1178326      0.1386014      0.1549246      0.1423346      0.2487952    
  0.2459778      0.5319275      0.4544441    
