  5.9017915E-05
 -1.7705449E-04
 -1.1803583E-04
 -1.7705449E-04
 -5.9017915E-05
  2.3810021E-03
  1.9833532E-03
  3.8470926E-06
 -3.6862187E-04
  1.1911995E-03
  2.8266991E-03
  1.4811320E-03
 -3.5253441E-04
  1.6525024E-05
  5.0523708E-04
  3.0051945E-03
  5.4060429E-04
  5.7916279E-04
 -4.1574906E-04
  1.3269854E-03
  2.5318703E-03
  9.8931522E-04
  4.5596840E-04
 -2.0853007E-04
  1.6649630E-03
  1.7369627E-03
  6.3739397E-04
  3.8523346E-04
  1.5615697E-04
  1.0194794E-04
  7.6920062E-04
  3.6525552E-04
  2.6269542E-04
 -4.0919094E-05
  2.1036636E-04
 -3.8033733E-04
 -6.6886871E-04
 -6.9509860E-04
 -5.6394929E-04
 -9.1805792E-04
 -8.5247819E-05
 -1.4426568E-04
 -2.0328458E-04
 -1.5738135E-04
 -2.3607166E-04
 -1.7705449E-04
 -5.9017915E-05
 -1.7705449E-04
  0.0000000E+00
 -1.1803583E-04
  3.3084996E-04
  1.2296712E-03
  6.5575592E-04
 -5.3509511E-04
 -3.4938648E-04
  1.8088779E-03
  3.4090571E-04
  6.2091125E-04
  3.1979042E-04
  1.6503603E-03
  1.4132832E-03
  5.6971976E-04
  1.2569500E-03
 -1.1803588E-05
  7.9031620E-04
  1.5858349E-03
  3.6591099E-04
  7.7532069E-04
  1.1235260E-04
  1.0983900E-03
  8.8710425E-04
  4.1863410E-04
  2.1036611E-04
 -9.0931262E-06
  6.5313146E-04
  4.3083070E-04
  1.0164194E-04
  9.9150107E-05
 -2.9849983E-04
  3.2525440E-05
 -4.7214332E-04
 -5.3771888E-04
 -3.5410898E-04
 -5.7706272E-04
 -6.8198255E-04
 -1.7049564E-04
 -1.2459351E-04
 -9.8362958E-05
 -1.9016866E-04
 -1.9016866E-04
 -1.1803583E-04
 -1.7705449E-04
 -1.7705449E-04
 -5.9017915E-05
 -5.9017915E-05
  1.0499074E-03
 -1.2800322E-04
 -2.3257449E-04
  6.9142622E-04
 -5.6307486E-05
  1.4144209E-03
  7.9901371E-04
  2.0197280E-04
  3.7028367E-04
  4.7157533E-04
  8.1995555E-04
  2.9246695E-04
 -1.1069135E-04
  4.9758662E-04
  5.8834389E-04
  6.6755863E-04
  1.6831040E-05
  7.0406240E-04
  4.9247214E-04
  4.0787944E-04
 -9.7051507E-04
 -6.4526233E-05
 -6.9072797E-05
  2.7436748E-04
  1.1453857E-04
 -4.5247210E-04
 -5.1148812E-04
 -7.4756122E-04
 -6.2952540E-04
 -4.7214332E-04
 -1.9672592E-04
 -1.3115116E-04
 -3.9345183E-04
 -2.8853136E-04
 -1.5738135E-04
 -6.5575579E-05
 -3.2787790E-05
 -1.0492089E-04
 -7.8690675E-05
 -3.2787790E-05
  5.9017915E-05
 -5.9017915E-05
 -5.9017915E-05
 -1.1803583E-04
 -1.1803583E-04
  1.8920709E-03
  4.6864612E-04
 -1.1939975E-03
 -2.7489223E-04
  8.0194551E-04
  1.5704907E-03
  8.3420961E-04
  1.9156812E-04
 -9.1499780E-05
  6.3254271E-04
  1.3230519E-03
  7.5700390E-04
 -3.8427225E-04
  1.6997161E-04
  1.9698858E-04
  8.3936547E-04
  4.9881084E-04
  2.2973283E-04
 -1.2131433E-03
 -8.1969507E-04
 -6.2952540E-04
 -6.0329324E-04
 -7.6067465E-04
 -4.7214332E-04
 -2.8853136E-04
 -1.7705449E-04
 -1.5738135E-04
 -3.3443436E-04
 -5.9017915E-05
 -9.8362958E-05
 -5.2460447E-05
 -5.2460447E-05
 -9.1805923E-05
 -1.3115112E-05
 -2.6230224E-05
 -1.3115112E-05
  0.0000000E+00
 -1.3115112E-05
  0.0000000E+00
  0.0000000E+00
 -2.6588535E-02
 -4.3258857E-02
 -5.7000063E-02
 -7.9621084E-02
 -0.1047293    
 -1.3523090E-02
 -2.0270273E-02
 -2.9468119E-02
 -2.8662257E-02
 -3.7717205E-02
 -2.2131723E-04
 -1.0603555E-04
  3.4099235E-03
  3.9590095E-04
  2.6894480E-03
  6.8869541E-04
  2.6843972E-03
  1.7660788E-03
  2.6860249E-03
  1.4624973E-03
  1.2715522E-03
  8.7670056E-04
  9.9756673E-04
  5.4529280E-04
 -3.3394326E-03
 -1.5000389E-03
 -8.3005452E-04
 -4.0932230E-04
  1.2482295E-04
  1.5767627E-04
 -1.1856050E-04
  2.1788542E-04
  1.2758698E-03
  3.7846886E-04
  1.2760988E-03
  9.2067967E-05
  1.7928882E-03
  6.9220376E-04
  1.0036108E-03
  2.3165630E-04
  3.7476399E-05
  1.0652739E-04
 -2.5882663E-03
 -1.3462643E-03
 -7.3995360E-04
 -4.2073228E-04
 -2.3587509E-04
 -4.1115840E-05
 -3.3137465E-05
  8.3857909E-04
  4.5114834E-04
  7.5273035E-04
  7.4808550E-04
  9.3248335E-04
  1.9729480E-03
  9.8166510E-04
  8.7171630E-04
  6.0679216E-04
  3.0128652E-04
  9.1510570E-05
 -1.2181293E-03
 -5.3273508E-04
 -3.0295842E-04
 -1.6918483E-04
 -1.4056098E-04
 -2.1551385E-04
 -6.7009387E-04
  6.1903280E-05
  1.5778341E-03
  7.9626107E-04
  1.1388490E-03
  6.6264032E-04
  7.0318807E-04
  4.4241585E-04
 -2.2339369E-05
 -9.5622166E-04
 -8.3175907E-04
 -4.0761742E-04
 -1.9364442E-04
 -1.6046331E-04
 -1.4262661E-05
 -2.5082614E-05
  0.9772742    
   1.171702    
   1.286172    
   1.352704    
   1.500783    
 -1.9325366E-02
 -4.2256252E-03
 -1.1510268E-03
  4.4624642E-03
  4.8457058E-03
 -9.5719043E-03
 -6.7940349E-04
 -6.6816318E-04
  8.0920762E-04
  9.5756957E-03
 -1.1403470E-02
 -2.3484128E-02
 -1.2653177E-02
 -6.0143555E-03
  6.2946444E-03
  0.1292758    
  4.6510272E-02
  3.2046565E-03
 -2.3247313E-02
  6.5523013E-04
 -4.2337128E-03
 -5.0552040E-02
 -1.2500557E-02
 -6.5472315E-04
 -4.6775979E-04
 -9.5089329E-03
 -8.6834542E-03
 -3.1576995E-03
 -2.4033969E-03
  4.4856784E-03
 -2.3506524E-04
