   339.5126       249.2965       315.6588       238.7569       304.8114    
   238.4762       303.5884       231.1478       293.0625       225.2432    
   276.0703       207.3284       273.0327       201.5238      0.0000000E+00
  0.0000000E+00  0.0000000E+00  0.0000000E+00   370.4458       284.6172    
   364.3604       266.4062       358.8572       260.8924       356.3006    
   265.9750       323.8398       250.2356       302.1049       231.3685    
   309.6740       251.1781      0.0000000E+00  0.0000000E+00  0.0000000E+00
  0.0000000E+00   399.7811       307.9464       371.3577       283.4084    
   353.7649       264.6820       304.0999       213.2532       283.6090    
   167.3985       266.8372       121.7343       232.2808       96.79196    
  0.0000000E+00  0.0000000E+00  0.0000000E+00  0.0000000E+00   338.2997    
   278.3872       313.1425       262.9275       285.5838       247.3584    
   240.9123       157.6039       172.3410       103.1579       151.7894    
   85.23306       85.23307       29.38346      0.0000000E+00  0.0000000E+00
  0.0000000E+00  0.0000000E+00
