   3.851328       45.71750       108.4722       164.4480       305.9709    
  0.0000000E+00   38.03502       102.7370       163.3586       303.7184    
  0.0000000E+00   33.93484       99.64909       172.5918       320.3609    
  0.0000000E+00   32.80201       100.7820       168.7822       331.4593    
  0.0000000E+00   28.71179       93.28303       159.2079       344.3515    
  0.0000000E+00   14.49624       82.89730       145.5737       374.0243    
  0.0000000E+00   18.80702       99.31825       144.1502       392.7416    
  -9.000000      -9.000000      -9.000000      -9.000000      -9.000000    
  -9.000000      -9.000000      -9.000000      -9.000000      -9.000000    
   10.93776       68.50644       124.7933       177.9856       382.0530    
   2.325810       60.13034       110.9271       171.2484       404.1407    
  0.0000000E+00   49.46364       97.64396       170.0053       433.2443    
  0.0000000E+00   36.91226       87.43862       166.3461       448.7810    
  0.0000000E+00   28.29073       80.97248       146.3957       480.3410    
  0.0000000E+00   17.79449       87.90974       120.6716       492.4717    
  0.0000000E+00   19.86968       80.93233       93.11266       518.4160    
  -9.000000      -9.000000      -9.000000      -9.000000      -9.000000    
  -9.000000      -9.000000      -9.000000      -9.000000      -9.000000    
   18.79447       83.18894       124.7834       178.1989       399.8282    
   2.676687       67.53886       112.9322       178.5264       415.3794    
  0.0000000E+00   43.16790       93.06261       166.5767       420.4019    
  0.0000000E+00   26.05513       91.15775       152.3707       391.5385    
  0.0000000E+00   10.61653       56.87217       152.0098       380.6108    
  0.0000000E+00   2.967412       44.18043       170.6668       369.3229    
  0.0000000E+00  0.1704261       43.36837       167.1280       408.1406    
  -9.000000      -9.000000      -9.000000      -9.000000      -9.000000    
  -9.000000      -9.000000      -9.000000      -9.000000      -9.000000    
   7.702657       62.23758       128.6344       184.8635       332.7558    
  0.0000000E+00   55.15794       113.8745       199.8797       305.0219    
  0.0000000E+00   39.07767       107.3986       182.0551       345.2739    
  0.0000000E+00   27.96993       106.6466       133.1730       304.4505    
  0.0000000E+00   9.022562       74.79698       88.93227       291.4987    
  0.0000000E+00   6.837096       60.38097       120.5213       219.4589    
  0.0000000E+00   7.127821       39.82957       39.84962       122.0150    
  -9.000000      -9.000000      -9.000000      -9.000000      -9.000000    
  -9.000000      -9.000000      -9.000000      -9.000000      -9.000000    
  0.2123442      0.4694113      0.6857601      0.8611535      0.9680674    
  0.1904728      0.4705271      0.6833740      0.8364366      0.9711336    
   339.5126       249.2965       325.9051       246.5265       324.8925    
   255.1180       338.1760       259.3587       340.5118       264.0603    
   338.1860       253.6943       355.2682       261.0827      0.9073263    
  0.9090992      0.9119265      0.9148137       370.4458       284.6172    
   381.2424       276.7318       394.1451       283.9698       407.6495    
   301.3936       389.2529       297.6642       378.3856       291.4086    
   414.8471       347.4687      0.9143212      0.9173456      0.9189229    
  0.9212779       399.7811       307.9464       387.4380       297.3131    
   392.2803       293.2730       354.1154       247.7293       353.2732    
   205.8346       342.9578       162.6166       325.2028       142.7769    
  0.9183856      0.9199731      0.9041665      0.9053656       338.2997    
   278.3872       329.8251       278.3761       326.2359       277.2632    
   295.1176       192.8221       219.9099       136.8120       209.6742    
   112.6717       131.0876       42.62656      0.9046620      0.9063185    
  0.9089220      0.9111784      -9.000000      -9.000000      -9.000000    
  -9.000000      -9.000000      0.2072344      0.2614421      0.2618436    
  0.3853685      0.5810128      0.8058466       1.020216       1.473532    
   1.660751       2.066892       2.171239       2.384876       2.620522    
   3.591621       4.616620      -9.000000      -9.000000      0.4485643    
  0.1311899       1.762025      0.7265292       3.899935       1.834403    
  0.1000966      0.1382516      0.1501041      0.1430339      0.2233722    
  0.2541195      0.4843054      0.4495211    
