   3.851328       45.71750       108.4722       164.4480       305.9709    
  0.0000000E+00   35.49873       100.0401       158.1552       279.2888    
  0.0000000E+00   28.34089       94.04486       160.2606       278.4366    
  0.0000000E+00   25.73434       91.30806       152.6814       263.2082    
  0.0000000E+00   20.01003       78.15531       138.5364       254.6071    
  0.0000000E+00   7.208018       66.23562       123.9801       253.5644    
  0.0000000E+00   9.092729       77.57385       116.8120       241.4537    
  -9.000000      -9.000000      -9.000000      -9.000000      -9.000000    
  -9.000000      -9.000000      -9.000000      -9.000000      -9.000000    
   10.93776       68.50644       124.7933       177.9856       382.0530    
   2.235584       57.06258       106.9777       165.8349       367.7083    
  0.0000000E+00   44.18040       90.25544       158.6265       355.8503    
  0.0000000E+00   28.55139       76.85204       148.4207       337.2439    
  0.0000000E+00   19.75940       67.66917       122.8071       329.1032    
  0.0000000E+00   8.671677       69.96490       94.91718       300.8013    
  0.0000000E+00   8.491222       59.83963       70.71677       286.9874    
  -9.000000      -9.000000      -9.000000      -9.000000      -9.000000    
  -9.000000      -9.000000      -9.000000      -9.000000      -9.000000    
   18.79447       83.18894       124.7834       178.1989       399.8282    
   2.075185       64.31084       107.4586       166.0654       384.2499    
  0.0000000E+00   38.21551       83.03764       148.8918       347.1887    
  0.0000000E+00   18.44612       76.21048       128.7119       296.0196    
  0.0000000E+00   5.593979       45.28315       116.7318       264.7021    
  0.0000000E+00   1.353382       26.30577       117.5239       216.1203    
  0.0000000E+00  4.0100247E-02   16.31078       123.1078       211.1581    
  -9.000000      -9.000000      -9.000000      -9.000000      -9.000000    
  -9.000000      -9.000000      -9.000000      -9.000000      -9.000000    
   7.702657       62.23758       128.6344       184.8635       332.7558    
  0.0000000E+00   51.85976       106.7068       182.3153       267.7295    
  0.0000000E+00   32.33082       96.11010       155.0976       269.4438    
  0.0000000E+00   12.50125       88.78185       97.69419       214.3560    
  0.0000000E+00   3.037590       56.72179       71.38845       156.9924    
  0.0000000E+00   1.674184       42.68672       89.19300       92.18036    
  0.0000000E+00   2.005012       19.23810       28.49123       35.03756    
  -9.000000      -9.000000      -9.000000      -9.000000      -9.000000    
  -9.000000      -9.000000      -9.000000      -9.000000      -9.000000    
  0.0000000E+00  0.0000000E+00  0.0000000E+00  0.0000000E+00  0.0000000E+00
  0.0000000E+00  0.0000000E+00  0.0000000E+00  0.0000000E+00  0.0000000E+00
   339.5126       249.2965       311.4582       232.9823       297.1423    
   227.4486       290.9872       216.3010       274.9875       205.3535    
   255.3086       186.2957       249.0628       172.5413      0.0000000E+00
  0.0000000E+00  0.0000000E+00  0.0000000E+00   370.4458       284.6172    
   356.1605       260.3810       344.7925       247.0076       335.5694    
   241.4336       300.3205       213.6140       275.3484       188.8823    
   278.7369       190.9875      0.0000000E+00  0.0000000E+00  0.0000000E+00
  0.0000000E+00   399.7811       307.9464       365.7037       271.9602    
   341.8253       246.0751       286.9071       191.1178       263.9702    
   141.7645       244.0602       94.78693       206.4563       71.75941    
  0.0000000E+00  0.0000000E+00  0.0000000E+00  0.0000000E+00   338.2997    
   278.3872       306.4456       246.9473       276.0705       223.7092    
   227.5586       136.7117       154.0851       82.09519       141.4436    
   68.89221       69.01251       16.97243      0.0000000E+00  0.0000000E+00
  0.0000000E+00  0.0000000E+00  -9.000000      -9.000000      -9.000000    
  -9.000000      -9.000000      0.2145213      0.2991514      0.3471985    
  0.4551862      0.6493824      0.8659038       1.067284       1.520049    
   1.812582       2.389107       3.802083       4.065621       4.133268    
   5.867816       7.614300      -9.000000      -9.000000      0.5088356    
  0.1405184       1.930710      0.7169492       6.421949       3.152385    
  0.1062953      0.1368013      0.1521751      0.1429629      0.2371070    
  0.2374344      0.5869591      0.4998176    
