    179.86    432.70    469.86    403.39     98.33
    168.56    401.34    439.46    357.19     98.33
    156.52    371.24    411.37    319.06     96.32
    144.48    339.13    379.26    284.95     94.31
    134.45    307.02    347.16    250.84     92.31
    124.41    274.92    319.06    218.73     91.34
    114.38    244.82    292.98    186.62     90.30
    106.35    218.73    268.90    156.52     88.29
     96.32    192.64    242.81    128.43     86.29
     84.28    170.57    218.73    106.35     84.28
     72.24    150.50    194.65     82.27     82.27
     62.21    132.44    168.56     60.20     79.32
     48.16    116.39    142.47     46.15     74.25
     34.11     94.31    112.37     26.09     69.34
     18.06     70.23     88.29     14.05     61.09
      4.01     44.15     64.21      6.02     49.15
      0.00     32.11     52.17      4.01     41.13
      0.00     18.06     40.13      0.00     36.33
      0.00      8.03     28.09      0.00     32.13
      0.00      2.01     10.03      0.00     29.16
