    302.53    429.96    180.78     -9.00    429.96     -9.00     -9.00
    276.80    400.00    165.41     -9.00    400.00     -9.00     -9.00
    257.07    366.92    147.37     -9.00    366.92     -9.00     -9.00
    237.52    336.84    132.33     -9.00    336.84     -9.00     -9.00
    218.15    306.77    117.29     -9.00    306.77     -9.00     -9.00
    199.10    276.69    102.26     -9.00    276.69     -9.00     -9.00
    180.37    249.62     90.23     -9.00    249.62     -9.00     -9.00
    162.13    219.55     75.19     -9.00    219.55     -9.00     -9.00
    144.45    195.49     63.16     -9.00    195.49     -9.00     -9.00
    127.42    168.42     48.12     -9.00    168.42     -9.00     -9.00
    111.13    147.37     36.09     -9.00    147.37     -9.00     -9.00
     95.60    126.32     21.05     -9.00    126.32     -9.00     -9.00
     80.83     99.25      9.02     -9.00     99.25     -9.00     -9.00
     66.82     72.18      6.02     -9.00     72.18     -9.00     -9.00
     53.59     42.11      3.01     -9.00     42.11     -9.00     -9.00
     41.30     18.05      0.00     -9.00     18.05     -9.00     -9.00
     32.69      9.02      0.00     -9.00      9.02     -9.00     -9.00
     25.33      6.02      0.00     -9.00      6.02     -9.00     -9.00
     19.43      6.02      0.00     -9.00      6.02     -9.00     -9.00
     16.58      3.01      0.00     -9.00      3.01     -9.00     -9.00
