    302.14    429.96    201.81    160.77    639.12    588.41     87.22
    277.81    403.01    189.47    147.37    604.51    556.39     93.23
    262.13    381.95    177.44    135.34    571.43    523.31     84.21
    243.43    354.89    165.41    120.30    532.33    487.22     90.23
    228.06    333.83    153.38    105.26    490.23    454.14     84.21
    209.65    306.77    138.35     90.23    448.12    418.05     87.46
    194.49    285.71    126.32     78.20    415.04    384.96     84.21
    176.32    261.65    111.28     63.16    378.95    348.87     87.22
    161.43    237.59    102.26     48.12    342.86    315.79     81.20
    143.50    213.53     87.22     39.10    303.76    279.70     84.56
    128.47    192.48     78.20     27.07    270.68    246.62     80.32
    110.33    168.42     63.16     15.04    231.58    216.54     81.77
     94.44    147.37     54.14      6.02    198.50    180.45     75.19
     75.42    117.29     36.09      6.02    156.39    147.37     72.18
     58.16     90.23     24.06      3.01    123.31    108.27     61.87
     38.91     57.14      3.01      3.01     78.20     69.17     51.13
     29.26     39.10      0.00      3.01     57.14     30.08     43.48
     19.95     24.06      0.00      0.00     39.10     24.06     38.56
     12.54      6.02      0.00      0.00     24.06     15.04     34.26
      7.59      0.00      0.00      0.00      0.00     15.04     29.99
