    302.14    429.96    209.87    160.77    677.95    588.41    102.26
    273.23    396.99    189.47    147.37    619.55    556.39     99.25
    250.64    360.90    171.43    135.34    562.41    523.31     99.25
    228.44    327.82    150.38    120.30    502.26    487.22     96.24
    206.81    294.74    132.33    105.26    451.13    454.14     96.24
    185.80    264.66    114.29     90.23    400.00    418.05     93.23
    165.53    234.59     93.23     78.20    348.87    384.96     93.23
    146.17    204.51     75.19     63.16    300.75    348.87     90.23
    127.90    177.44     60.15     48.12    255.64    315.79     90.23
    110.73    150.38     45.11     39.10    216.54    279.70     90.23
     94.71    129.32     30.08     27.07    174.44    246.62     87.22
     79.89    102.26     15.04     15.04    138.35    216.54     87.22
     66.24     75.19      9.02      6.02     99.25    180.45     84.21
     53.82     48.12      3.01      6.02     63.16    147.37     81.20
     42.74     21.05      3.01      3.01     36.09    108.27     78.20
     33.56      9.02      0.00      3.01     15.04     69.17     72.18
     28.69      6.02      0.00      3.01      9.02     30.08     63.16
     25.18      3.01      0.00      0.00      6.02     24.06     57.14
     22.43      0.00      0.00      0.00      6.02     15.04     57.14
     21.73      0.00      0.00      0.00      6.02     15.04     57.14
