    302.14    429.96    209.87    160.77    681.16    587.81     91.38
    282.82    406.41    197.19    149.10    646.89    555.51     91.38
    269.71    387.17    187.58    137.07    610.82    521.84     90.57
    256.54    365.53    175.55    122.65    577.15    485.77     88.98
    243.40    346.29    163.53    110.62    538.68    452.10     88.98
    230.23    324.65    151.50     96.19    500.20    418.44     88.98
    217.03    303.01    139.48     84.17    466.53    384.77     88.98
    203.82    283.77    127.45     72.14    432.87    348.70     88.98
    190.62    262.12    115.43     60.12    399.20    315.03     87.78
    177.34    242.89    103.41     48.10    363.13    278.96     86.57
    163.87    226.05     88.98     38.48    324.65    247.70     86.57
    150.04    204.41     76.95     26.45    290.98    214.03     86.57
    135.56    185.17     64.93     16.83    250.10    180.36     85.51
    120.01    161.12     50.50      9.62    214.03    146.69     84.17
    103.00    129.86     38.48      4.81    173.15    105.81     79.36
     83.74     96.19     24.05      2.40    125.05     64.93     70.68
     72.02     69.74     14.43      0.00     96.19     33.67     64.73
     60.62     50.50      2.40      0.00     69.74     24.05     57.61
     47.27     28.86      0.00      0.00     43.29     14.43     49.39
     39.69     16.83      0.00      0.00     24.05      4.81     43.96
