    302.53    429.96    199.22    147.89    462.60    348.95     -9.00
    279.80    403.01    183.46    138.35    433.08    330.83     -9.00
    263.01    375.94    168.42    126.32    406.02    309.77     -9.00
    246.26    348.87    153.38    114.29    378.95    285.71     -9.00
    229.59    324.81    138.35    102.26    345.86    267.67     -9.00
    213.01    297.74    126.32     90.23    318.80    252.63     -9.00
    196.54    270.68    111.28     78.20    288.72    234.59     -9.00
    180.24    246.62     99.25     66.17    261.65    219.55     -9.00
    164.12    222.56     84.21     54.14    231.58    201.50     -9.00
    148.13    198.50     72.18     42.11    204.51    183.46     -9.00
    132.26    174.44     54.14     33.08    180.45    165.41     -9.00
    116.47    150.38     42.11     21.05    153.38    147.37     -9.00
    100.74    129.32     27.07     12.03    129.32    132.33     -9.00
     85.10     96.24     15.04      6.02     93.23    102.26     -9.00
     69.89     66.17      6.02      3.01     63.16     78.20     -9.00
     55.51     33.08      3.01      0.00     33.08     45.11     -9.00
     46.25     18.05      0.00      0.00     18.05     27.07     -9.00
     38.12      9.02      0.00      0.00      9.02     15.04     -9.00
     31.43      6.02      0.00      0.00      6.02      9.02     -9.00
     28.39      3.01      0.00      0.00      3.01      9.02     -9.00
