    302.14    429.96    209.87    160.77    469.86    403.39     99.25
    274.58    396.99    189.47    147.37    430.08    366.92     99.25
    253.27    363.91    171.43    135.34    387.97    336.84     99.25
    232.21    333.83    153.38    120.30    348.87    306.77     96.24
    211.61    300.75    132.33    105.26    309.77    282.71     96.24
    191.50    270.68    114.29     93.23    273.68    258.65     93.23
    171.94    243.61     96.24     78.20    240.60    231.58     93.23
    153.14    213.53     78.20     63.16    207.52    207.52     90.23
    135.23    186.47     60.15     51.13    174.44    180.45     90.23
    118.27    159.40     45.11     42.11    141.35    156.39     90.23
    102.30    135.34     30.08     27.07    114.29    132.33     87.22
     87.36    117.29     18.05     15.04     84.21    105.26     87.22
     73.47     84.21      9.02      9.02     57.14     78.20     84.21
     60.62     57.14      6.02      6.02     33.08     54.14     84.21
     48.98     30.08      3.01      3.01     15.04     30.08     81.20
     38.84     12.03      3.01      3.01      6.02     15.04     78.20
     33.17      6.02      0.00      3.01      6.02      9.02     66.17
     28.98      3.01      0.00      0.00      6.02      9.02     60.15
     25.75      3.01      0.00      0.00      3.01      9.02     57.14
     25.12      0.00      0.00      0.00      3.01      6.02     57.14
