    302.14    429.96    209.87    160.77    677.95    588.41     96.24
    278.35    403.01    198.50    150.38    643.61    550.38     96.24
    260.69    378.95    186.47    138.35    601.50    511.28     93.23
    243.38    354.89    174.44    126.32    556.39    475.19     93.23
    226.28    330.83    165.41    114.29    517.29    436.09     93.23
    209.52    306.77    153.38    105.26    478.20    396.99     90.23
    192.98    282.71    141.35     93.23    442.11    357.89     90.23
    176.76    258.65    132.33     84.21    403.01    321.80     90.23
    160.75    237.59    117.29     72.18    366.92    288.72     87.22
    144.92    216.54    105.26     63.16    330.83    252.63     87.22
    129.05    192.48     93.23     57.14    294.74    222.56     87.22
    113.02    174.44     81.20     48.12    255.64    189.47     84.21
     96.50    150.38     69.17     39.10    216.54    156.39     81.20
     79.16    123.31     54.14     27.07    177.44    123.31     75.19
     61.08     96.24     39.10     18.05    138.35     90.23     67.18
     42.37     63.16     21.05      3.01     96.24     57.14     56.89
     32.06     45.11      9.02      0.00     72.18     39.10     49.21
     23.04     30.08      0.00      0.00     54.14     27.07     43.02
     14.60     12.03      0.00      0.00     36.09     15.04     36.18
      9.49      0.00      0.00      0.00     15.04      6.02     33.47
