    302.14    429.96    209.87    160.77    677.95    588.41     93.23
    277.48    403.01    195.49    150.38    634.59    556.39     99.25
    261.10    375.94    183.46    138.35    595.49    526.32     90.23
    242.66    348.87    168.42    129.32    550.38    496.24     96.24
    226.94    327.82    156.39    120.30    502.26    466.17     90.23
    209.15    300.75    141.35    108.27    457.14    436.09     93.23
    194.04    276.69    132.33     96.24    409.02    409.02     87.22
    176.94    252.63    120.30     87.22    369.92    372.93     93.23
    162.62    231.58    111.28     78.20    333.83    342.86     87.22
    146.08    204.51     96.24     72.18    294.74    309.77     90.31
    132.23    183.46     87.22     63.16    258.65    279.70     84.21
    116.02    156.39     72.18     54.14    219.55    249.62     88.34
    102.16    135.34     63.16     48.12    186.47    219.55     81.20
     85.50    108.27     51.13     36.09    147.37    189.47     81.77
     71.06     87.22     39.10     27.07    117.29    156.39     69.17
     53.44     60.15     24.06     21.05     81.20    120.30     63.16
     45.67     48.12     21.05     15.04     63.16     90.23     53.19
     36.59     36.09      6.02      0.00     42.11     72.18     52.52
     30.17     21.05      0.00      0.00     30.08     57.14     41.17
     23.62     12.03      0.00      0.00     21.05     36.09     41.17
